54,36
54,35
14,5
10,88
10,208
10,72
10,164
10,262
10,118
10,64
10,86
11,26
11,10
11,24
11,20
11,18
11,6
11,2
11,3
9,4
9,6
8,7
8,18
8,10
8,11
0,318
12,2
12,1
12,3
35,11
35,10
35,9
35,8
35,7
35,6
35,5
35,4
35,3
35,2
35,1
35,0
34,9
34,8
34,7
34,6
34,5
34,4
34,3
34,2
34,1
34,0
33,37
33,36
33,35
33,34
33,33
33,32
33,31
33,30
33,29
33,28
33,27
33,26
33,25
33,24
33,23
33,22
33,21
33,20
33,19
33,18
33,17
14,1
33,16
33,15
33,14
33,13
33,12
33,11
33,10
33,9
33,8
33,7
14,4
33,6
33,5
33,4
33,3
13,1
33,2
33,1
13,3
33,0
31,7
31,5
31,4
31,3
31,1
30,4
30,3
30,1
29,4
29,3
29,1
28,5
28,4
28,3
28,1
27,5
27,4
27,3
27,1
25,4
2,2
25,3
2,1
25,1
2,3
24,4
24,3
24,1
20,3
20,2
20,1
